4 2000
0 Apple
1 Banana
2 Orange
3 Watermelon
1	1	4.01	0
1	1	4.02	0
1	1	4.03	0
1	1	4.04	0
1	1	4.05	0
1	1	4.06	0
1	1	4.07	0
1	1	4.08	0
1	1	4.09	0
1	1	4.1	0
1	1	4.11	0
1	1	4.12	0
1	1	4.13	0
1	1	4.14	0
1	1	4.15	0
1	1	4.16	0
1	1	4.17	0
1	1	4.18	0
1	1	4.19	0
1	1	4.2	0
1	1	4.21	0
1	1	4.22	0
1	1	4.23	0
1	1	4.24	0
1	1	4.25	0
1	1	4.26	0
1	1	4.27	0
1	1	4.28	0
1	1	4.29	0
1	1	4.3	0
1	1	4.31	0
1	1	4.32	0
1	1	4.33	0
1	1	4.34	0
1	1	4.35	0
1	1	4.36	0
1	1	4.37	0
1	1	4.38	0
1	1	4.39	0
1	1	4.4	0
1	1	4.41	0
1	1	4.42	0
1	1	4.43	0
1	1	4.44	0
1	1	4.45	0
1	1	4.46	0
1	1	4.47	0
1	1	4.48	0
1	1	4.49	0
1	1	4.5	0
1	1	4.51	0
1	1	4.52	0
1	1	4.53	0
1	1	4.54	0
1	1	4.55	0
1	1	4.56	0
1	1	4.57	0
1	1	4.58	0
1	1	4.59	0
1	1	4.6	0
1	1	4.61	0
1	1	4.62	0
1	1	4.63	0
1	1	4.64	0
1	1	4.65	0
1	1	4.66	0
1	1	4.67	0
1	1	4.68	0
1	1	4.69	0
1	1	4.7	0
1	1	4.71	0
1	1	4.72	0
1	1	4.73	0
1	1	4.74	0
1	1	4.75	0
1	1	4.76	0
1	1	4.77	0
1	1	4.78	0
1	1	4.79	0
1	1	4.8	0
1	1	4.81	0
1	1	4.82	0
1	1	4.83	0
1	1	4.84	0
1	1	4.85	0
1	1	4.86	0
1	1	4.87	0
1	1	4.88	0
1	1	4.89	0
1	1	4.9	0
1	1	4.91	0
1	1	4.92	0
1	1	4.93	0
1	1	4.94	0
1	1	4.95	0
1	1	4.96	0
1	1	4.97	0
1	1	4.98	0
1	1	4.99	0
1	1	5	0
1	1	5.01	0
1	1	5.02	0
1	1	5.03	0
1	1	5.04	0
1	1	5.05	0
1	1	5.06	0
1	1	5.07	0
1	1	5.08	0
1	1	5.09	0
1	1	5.1	0
1	1	5.11	0
1	1	5.12	0
1	1	5.13	0
1	1	5.14	0
1	1	5.15	0
1	1	5.16	0
1	1	5.17	0
1	1	5.18	0
1	1	5.19	0
1	1	5.2	0
1	1	5.21	0
1	1	5.22	0
1	1	5.23	0
1	1	5.24	0
1	1	5.25	0
1	1	5.26	0
1	1	5.27	0
1	1	5.28	0
1	1	5.29	0
1	1	5.3	0
1	1	5.31	0
1	1	5.32	0
1	1	5.33	0
1	1	5.34	0
1	1	5.35	0
1	1	5.36	0
1	1	5.37	0
1	1	5.38	0
1	1	5.39	0
1	1	5.4	0
1	1	5.41	0
1	1	5.42	0
1	1	5.43	0
1	1	5.44	0
1	1	5.45	0
1	1	5.46	0
1	1	5.47	0
1	1	5.48	0
1	1	5.49	0
1	1	5.5	0
1	1	5.51	0
1	1	5.52	0
1	1	5.53	0
1	1	5.54	0
1	1	5.55	0
1	1	5.56	0
1	1	5.57	0
1	1	5.58	0
1	1	5.59	0
1	1	5.6	0
1	1	5.61	0
1	1	5.62	0
1	1	5.63	0
1	1	5.64	0
1	1	5.65	0
1	1	5.66	0
1	1	5.67	0
1	1	5.68	0
1	1	5.69	0
1	1	5.7	0
1	1	5.71	0
1	1	5.72	0
1	1	5.73	0
1	1	5.74	0
1	1	5.75	0
1	1	5.76	0
1	1	5.77	0
1	1	5.78	0
1	1	5.79	0
1	1	5.8	0
1	1	5.81	0
1	1	5.82	0
1	1	5.83	0
1	1	5.84	0
1	1	5.85	0
1	1	5.86	0
1	1	5.87	0
1	1	5.88	0
1	1	5.89	0
1	1	5.9	0
1	1	5.91	0
1	1	5.92	0
1	1	5.93	0
1	1	5.94	0
1	1	5.95	0
1	1	5.96	0
1	1	5.97	0
1	1	5.98	0
1	1	5.99	0
1	1	6	0
1	1	6.01	0
1	1	6.02	0
1	1	6.03	0
1	1	6.04	0
1	1	6.05	0
1	1	6.06	0
1	1	6.07	0
1	1	6.08	0
1	1	6.09	0
1	1	6.1	0
1	1	6.11	0
1	1	6.12	0
1	1	6.13	0
1	1	6.14	0
1	1	6.15	0
1	1	6.16	0
1	1	6.17	0
1	1	6.18	0
1	1	6.19	0
1	1	6.2	0
1	1	6.21	0
1	1	6.22	0
1	1	6.23	0
1	1	6.24	0
1	1	6.25	0
1	1	6.26	0
1	1	6.27	0
1	1	6.28	0
1	1	6.29	0
1	1	6.3	0
1	1	6.31	0
1	1	6.32	0
1	1	6.33	0
1	1	6.34	0
1	1	6.35	0
1	1	6.36	0
1	1	6.37	0
1	1	6.38	0
1	1	6.39	0
1	1	6.4	0
1	1	6.41	0
1	1	6.42	0
1	1	6.43	0
1	1	6.44	0
1	1	6.45	0
1	1	6.46	0
1	1	6.47	0
1	1	6.48	0
1	1	6.49	0
1	1	6.5	0
1	1	6.51	0
1	1	6.52	0
1	1	6.53	0
1	1	6.54	0
1	1	6.55	0
1	1	6.56	0
1	1	6.57	0
1	1	6.58	0
1	1	6.59	0
1	1	6.6	0
1	1	6.61	0
1	1	6.62	0
1	1	6.63	0
1	1	6.64	0
1	1	6.65	0
1	1	6.66	0
1	1	6.67	0
1	1	6.68	0
1	1	6.69	0
1	1	6.7	0
1	1	6.71	0
1	1	6.72	0
1	1	6.73	0
1	1	6.74	0
1	1	6.75	0
1	1	6.76	0
1	1	6.77	0
1	1	6.78	0
1	1	6.79	0
1	1	6.8	0
1	1	6.81	0
1	1	6.82	0
1	1	6.83	0
1	1	5.01	0
1	1	5.01	0
1	1	5.02	0
1	1	5.03	0
1	1	5.04	0
1	1	5.05	0
1	1	5.06	0
1	1	5.07	0
1	1	5.08	0
1	1	5.09	0
1	1	5.1	0
1	1	5.11	0
1	1	5.12	0
1	1	5.13	0
1	1	5.14	0
1	1	5.15	0
1	1	5.16	0
1	1	5.17	0
1	1	5.18	0
1	1	5.19	0
1	1	5.2	0
1	1	5.21	0
1	1	5.22	0
1	1	5.23	0
1	1	5.24	0
1	1	5.25	0
1	1	5.26	0
1	1	5.27	0
1	1	5.28	0
1	1	5.29	0
1	1	5.3	0
1	1	5.31	0
1	1	5.32	0
1	1	5.33	0
1	1	5.34	0
1	1	5.35	0
1	1	5.36	0
1	1	5.37	0
1	1	5.38	0
1	1	5.39	0
1	1	5.4	0
1	1	5.41	0
1	1	5.42	0
1	1	5.43	0
1	1	5.44	0
1	1	5.45	0
1	1	5.46	0
1	1	5.47	0
1	1	5.48	0
1	1	5.49	0
1	1	5.5	0
1	1	5.51	0
1	1	5.52	0
1	1	5.53	0
1	1	5.54	0
1	1	5.55	0
1	1	5.56	0
1	1	5.57	0
1	1	5.58	0
1	1	5.59	0
1	1	5.6	0
1	1	5.61	0
1	1	5.62	0
1	1	5.63	0
1	1	5.64	0
1	1	5.65	0
1	1	5.66	0
1	1	5.67	0
1	1	5.68	0
1	1	5.69	0
1	1	5.7	0
1	1	5.71	0
1	1	5.72	0
1	1	5.73	0
1	1	5.74	0
1	1	5.75	0
1	1	5.76	0
1	1	5.77	0
1	1	5.78	0
1	1	5.79	0
1	1	5.8	0
1	1	5.81	0
1	1	5.82	0
1	1	5.83	0
1	1	5.84	0
1	1	5.85	0
1	1	5.86	0
1	1	5.87	0
1	1	5.88	0
1	1	5.89	0
1	1	5.9	0
1	1	5.91	0
1	1	5.92	0
1	1	5.93	0
1	1	5.94	0
1	1	5.95	0
1	1	5.96	0
1	1	5.97	0
1	1	5.98	0
1	1	5.99	0
1	1	6	0
1	1	6.01	0
1	1	6.02	0
1	1	6.03	0
1	1	6.04	0
1	1	6.05	0
1	1	6.06	0
1	1	6.07	0
1	1	6.08	0
1	1	6.09	0
1	1	6.1	0
1	1	6.11	0
1	1	6.12	0
1	1	6.13	0
1	1	5.01	0
1	1	5.02	0
1	1	5.03	0
1	1	5.04	0
1	1	5.05	0
1	1	5.06	0
1	1	5.07	0
1	1	5.08	0
1	1	5.09	0
1	1	5.1	0
1	1	5.11	0
1	1	5.12	0
1	1	5.13	0
1	1	5.14	0
1	1	5.15	0
1	1	5.16	0
1	1	5.17	0
1	1	5.18	0
1	1	5.19	0
1	1	5.2	0
1	1	5.21	0
1	1	5.22	0
1	1	5.23	0
1	1	5.24	0
1	1	5.25	0
1	1	5.26	0
1	1	5.27	0
1	1	5.28	0
1	1	5.29	0
1	1	5.3	0
1	1	5.31	0
1	1	5.32	0
1	1	5.33	0
1	1	5.34	0
1	1	5.35	0
1	1	5.36	0
1	1	5.37	0
1	1	5.38	0
1	1	5.39	0
1	1	5.4	0
1	1	5.41	0
1	1	5.42	0
1	1	5.43	0
1	1	5.44	0
1	1	5.45	0
1	1	5.46	0
1	1	5.47	0
1	1	5.48	0
1	1	5.49	0
1	1	5.5	0
1	1	5.51	0
1	1	5.52	0
1	1	5.53	0
1	1	5.54	0
1	1	5.55	0
1	1	5.56	0
1	1	5.57	0
1	1	5.58	0
1	1	5.59	0
1	1	5.6	0
1	1	5.61	0
1	1	5.62	0
1	1	5.63	0
1	1	5.64	0
1	1	5.65	0
1	1	5.66	0
1	1	5.67	0
1	1	5.68	0
1	1	5.69	0
1	1	5.7	0
1	1	5.71	0
1	1	5.72	0
1	1	5.73	0
1	1	5.74	0
1	1	5.75	0
1	1	5.76	0
1	1	5.77	0
1	1	5.78	0
1	1	5.79	0
1	1	5.8	0
1	1	5.81	0
1	1	5.82	0
1	1	5.83	0
1	1	5.84	0
1	1	5.85	0
1	1	5.86	0
1	1	5.87	0
1	1	5.88	0
1	1	5.89	0
1	1	5.9	0
1	1	5.91	0
1	1	5.92	0
1	1	5.93	0
1	1	5.94	0
1	1	5.95	0
1	1	5.96	0
1	1	5.97	0
1	1	5.98	0
1	1	5.99	0
1	1	6	0
1	1	6.01	0
1	1	6.02	0
1	1	6.02	0
2	2	4.01	1
2	2	4.02	1
2	2	4.03	1
2	2	4.04	1
2	2	4.05	1
2	2	4.06	1
2	2	4.07	1
2	2	4.08	1
2	2	4.09	1
2	2	4.1	1
2	2	4.11	1
2	2	4.12	1
2	2	4.13	1
2	2	4.14	1
2	2	4.15	1
2	2	4.16	1
2	2	4.17	1
2	2	4.18	1
2	2	4.19	1
2	2	4.2	1
2	2	4.21	1
2	2	4.22	1
2	2	4.23	1
2	2	4.24	1
2	2	4.25	1
2	2	4.26	1
2	2	4.27	1
2	2	4.28	1
2	2	4.29	1
2	2	4.3	1
2	2	4.31	1
2	2	4.32	1
2	2	4.33	1
2	2	4.34	1
2	2	4.35	1
2	2	4.36	1
2	2	4.37	1
2	2	4.38	1
2	2	4.39	1
2	2	4.4	1
2	2	4.41	1
2	2	4.42	1
2	2	4.43	1
2	2	4.44	1
2	2	4.45	1
2	2	4.46	1
2	2	4.47	1
2	2	4.48	1
2	2	4.49	1
2	2	4.5	1
2	2	4.51	1
2	2	4.52	1
2	2	4.53	1
2	2	4.54	1
2	2	4.55	1
2	2	4.56	1
2	2	4.57	1
2	2	4.58	1
2	2	4.59	1
2	2	4.6	1
2	2	4.61	1
2	2	4.62	1
2	2	4.63	1
2	2	4.64	1
2	2	4.65	1
2	2	4.66	1
2	2	4.67	1
2	2	4.68	1
2	2	4.69	1
2	2	4.7	1
2	2	4.71	1
2	2	4.72	1
2	2	4.73	1
2	2	4.74	1
2	2	4.75	1
2	2	4.76	1
2	2	4.77	1
2	2	4.78	1
2	2	4.79	1
2	2	4.8	1
2	2	4.81	1
2	2	4.82	1
2	2	4.83	1
2	2	4.84	1
2	2	4.85	1
2	2	4.86	1
2	2	4.87	1
2	2	4.88	1
2	2	4.89	1
2	2	4.9	1
2	2	4.91	1
2	2	4.92	1
2	2	4.93	1
2	2	4.94	1
2	2	4.95	1
2	2	4.96	1
2	2	4.97	1
2	2	4.98	1
2	2	4.99	1
2	2	3.01	1
2	2	3.02	1
2	2	3.03	1
2	2	3.04	1
2	2	3.05	1
2	2	3.06	1
2	2	3.07	1
2	2	3.08	1
2	2	3.09	1
2	2	3.1	1
2	2	3.11	1
2	2	3.12	1
2	2	3.13	1
2	2	3.14	1
2	2	3.15	1
2	2	3.16	1
2	2	3.17	1
2	2	3.18	1
2	2	3.19	1
2	2	3.2	1
2	2	3.21	1
2	2	3.22	1
2	2	3.23	1
2	2	3.24	1
2	2	3.25	1
2	2	3.26	1
2	2	3.27	1
2	2	3.28	1
2	2	3.29	1
2	2	3.3	1
2	2	3.31	1
2	2	3.32	1
2	2	3.33	1
2	2	3.34	1
2	2	3.35	1
2	2	3.36	1
2	2	3.37	1
2	2	3.38	1
2	2	3.39	1
2	2	3.4	1
2	2	3.41	1
2	2	3.42	1
2	2	3.43	1
2	2	3.44	1
2	2	3.45	1
2	2	3.46	1
2	2	3.47	1
2	2	3.48	1
2	2	3.49	1
2	2	3.5	1
2	2	3.51	1
2	2	3.52	1
2	2	3.53	1
2	2	3.54	1
2	2	3.55	1
2	2	3.56	1
2	2	3.57	1
2	2	3.58	1
2	2	3.59	1
2	2	3.6	1
2	2	3.61	1
2	2	3.62	1
2	2	3.63	1
2	2	3.64	1
2	2	3.65	1
2	2	3.66	1
2	2	3.67	1
2	2	3.68	1
2	2	3.69	1
2	2	3.7	1
2	2	3.71	1
2	2	3.72	1
2	2	3.73	1
2	2	3.74	1
2	2	3.75	1
2	2	3.76	1
2	2	3.77	1
2	2	3.78	1
2	2	3.79	1
2	2	3.8	1
2	2	3.81	1
2	2	3.82	1
2	2	3.83	1
2	2	3.84	1
2	2	3.85	1
2	2	3.86	1
2	2	3.87	1
2	2	3.88	1
2	2	3.89	1
2	2	3.9	1
2	2	3.91	1
2	2	3.92	1
2	2	3.93	1
2	2	3.94	1
2	2	3.95	1
2	2	3.96	1
2	2	3.97	1
2	2	3.98	1
2	2	3.99	1
2	2	4	1
2	2	4.01	1
2	2	4.02	1
2	2	4.03	1
2	2	4.04	1
2	2	4.05	1
2	2	4.06	1
2	2	4.07	1
2	2	4.08	1
2	2	4.01	1
2	2	4.02	1
2	2	4.03	1
2	2	4.04	1
2	2	4.05	1
2	2	4.06	1
2	2	4.07	1
2	2	4.08	1
2	2	4.09	1
2	2	4.1	1
2	2	4.11	1
2	2	4.12	1
2	2	4.13	1
2	2	4.14	1
2	2	4.15	1
2	2	4.16	1
2	2	4.17	1
2	2	4.18	1
2	2	4.19	1
2	2	4.2	1
2	2	4.21	1
2	2	4.22	1
2	2	4.23	1
2	2	4.24	1
2	2	4.25	1
2	2	4.26	1
2	2	4.27	1
2	2	4.28	1
2	2	4.29	1
2	2	4.3	1
2	2	4.31	1
2	2	4.32	1
2	2	4.33	1
2	2	4.34	1
2	2	4.35	1
2	2	4.36	1
2	2	4.37	1
2	2	4.38	1
2	2	4.39	1
2	2	4.4	1
2	2	4.41	1
2	2	4.42	1
2	2	4.43	1
2	2	4.44	1
2	2	4.45	1
2	2	4.46	1
2	2	4.47	1
2	2	4.48	1
2	2	4.49	1
2	2	4.5	1
2	2	4.51	1
2	2	4.52	1
2	2	4.53	1
2	2	4.54	1
2	2	4.55	1
2	2	4.56	1
2	2	4.57	1
2	2	4.58	1
2	2	4.59	1
2	2	4.6	1
2	2	4.61	1
2	2	4.62	1
2	2	4.63	1
2	2	4.64	1
2	2	4.65	1
2	2	4.66	1
2	2	4.67	1
2	2	4.68	1
2	2	4.69	1
2	2	4.7	1
2	2	4.71	1
2	2	4.72	1
2	2	4.73	1
2	2	4.74	1
2	2	4.75	1
2	2	4.76	1
2	2	4.77	1
2	2	4.78	1
2	2	4.79	1
2	2	4.8	1
2	2	4.81	1
2	2	4.82	1
2	2	4.83	1
2	2	4.84	1
2	2	4.85	1
2	2	4.86	1
2	2	4.87	1
2	2	4.88	1
2	2	4.89	1
2	2	4.9	1
2	2	4.91	1
2	2	4.92	1
2	2	4.93	1
2	2	4.94	1
2	2	5.18	1
2	2	5.19	1
2	2	5.2	1
2	2	5.21	1
2	2	5.22	1
2	2	5.23	1
2	2	5.24	1
2	2	5.25	1
2	2	5.26	1
2	2	5.27	1
2	2	5.28	1
2	2	5.29	1
2	2	5.3	1
2	2	5.31	1
2	2	5.32	1
2	2	5.33	1
2	2	5.34	1
2	2	5.35	1
2	2	5.36	1
2	2	5.37	1
2	2	5.38	1
2	2	5.39	1
2	2	5.4	1
2	2	5.41	1
2	2	5.42	1
2	2	5.43	1
2	2	5.44	1
2	2	5.45	1
2	2	5.46	1
2	2	5.47	1
2	2	5.48	1
2	2	5.49	1
2	2	5.5	1
2	2	5.51	1
2	2	5.52	1
2	2	5.53	1
2	2	5.54	1
2	2	5.55	1
2	2	5.56	1
2	2	5.57	1
2	2	5.58	1
2	2	5.59	1
2	2	5.6	1
2	2	5.61	1
2	2	5.62	1
2	2	5.63	1
2	2	5.64	1
2	2	5.65	1
2	2	5.66	1
2	2	5.67	1
2	2	5.68	1
2	2	5.69	1
2	2	5.7	1
2	2	5.71	1
2	2	5.72	1
2	2	5.73	1
2	2	5.74	1
2	2	5.75	1
2	2	5.76	1
2	2	5.77	1
2	2	5.78	1
2	2	5.79	1
2	2	5.8	1
2	2	5.81	1
2	2	5.82	1
2	2	5.83	1
2	2	5.84	1
2	2	5.85	1
2	2	5.86	1
2	2	5.87	1
2	2	5.88	1
2	2	5.89	1
2	2	5.9	1
2	2	5.91	1
2	2	5.92	1
2	2	5.93	1
2	2	5.94	1
2	2	5.95	1
2	2	3.5	1
2	2	3.51	1
2	2	3.52	1
2	2	3.53	1
2	2	3.54	1
2	2	3.55	1
2	2	3.56	1
2	2	3.57	1
2	2	3.58	1
2	2	3.59	1
2	2	3.6	1
2	2	3.61	1
2	2	3.62	1
2	2	3.63	1
2	2	3.64	1
2	2	3.65	1
2	2	3.66	1
2	2	3.67	1
2	2	3.68	1
2	2	3.69	1
2	2	3.7	1
2	2	3.71	1
2	2	3.72	1
2	2	3.73	1
2	2	3.74	1
2	2	3.75	1
2	2	3.76	1
2	2	3.77	1
2	2	3.78	1
2	2	3.79	1
2	2	3.8	1
2	2	3.81	1
2	2	3.82	1
2	2	3.83	1
2	2	3.84	1
2	2	3.85	1
2	2	3.86	1
2	2	3.87	1
2	2	3.88	1
2	2	3.89	1
2	2	3.9	1
2	2	3.91	1
2	2	3.92	1
2	2	3.93	1
2	2	3.94	1
2	2	3.95	1
2	2	3.96	1
2	2	3.97	1
2	2	3.98	1
2	2	3.99	1
2	2	4	1
2	2	4.01	1
2	2	4.02	1
2	2	4.03	1
2	2	4.04	1
2	2	4.05	1
2	2	4.06	1
2	2	4.07	1
2	2	4.08	1
2	2	4.09	1
2	2	4.1	1
2	2	4.11	1
2	2	4.12	1
2	2	4.13	1
2	2	4.14	1
2	2	4.15	1
2	2	4.16	1
2	2	4.17	1
2	2	4.18	1
2	2	4.19	1
2	2	4.2	1
2	2	4.21	1
2	2	4.22	1
2	2	4.23	1
2	2	4.24	1
2	2	4.25	1
2	2	4.26	1
2	2	4.27	1
2	2	4.28	1
2	2	4.29	1
2	2	4.3	1
2	2	4.31	1
2	2	4.32	1
2	2	4.33	1
2	2	4.34	1
2	2	4.35	1
2	2	4.36	1
2	2	4.37	1
2	2	4.38	1
2	2	4.39	1
2	2	4.4	1
2	2	4.41	1
2	2	4.42	1
2	2	4.43	1
2	2	4.44	1
2	2	4.45	1
2	2	4.46	1
2	2	4.47	1
2	2	4.48	1
2	2	4.49	1
2	2	4.5	1
2	2	4.51	1
2	2	4.52	1
2	2	4.53	1
2	2	4.54	1
2	2	4.55	1
2	2	4.56	1
2	2	4.57	1
2	2	4.58	1
2	2	4.59	1
2	2	4.6	1
2	2	4.61	1
2	2	4.62	1
2	2	4.63	1
2	2	4.64	1
2	2	4.65	1
2	2	4.66	1
2	2	4.67	1
2	2	4.68	1
2	2	4.69	1
2	2	4.69	1
3	1	7.01	2
3	1	7.02	2
3	1	7.03	2
3	1	7.04	2
3	1	7.05	2
3	1	7.06	2
3	1	7.07	2
3	1	7.08	2
3	1	7.09	2
3	1	7.1	2
3	1	7.11	2
3	1	7.12	2
3	1	7.13	2
3	1	7.14	2
3	1	7.15	2
3	1	7.16	2
3	1	7.17	2
3	1	7.18	2
3	1	7.19	2
3	1	7.2	2
3	1	7.21	2
3	1	7.22	2
3	1	7.23	2
3	1	7.24	2
3	1	7.25	2
3	1	7.26	2
3	1	7.27	2
3	1	7.28	2
3	1	7.29	2
3	1	7.3	2
3	1	7.31	2
3	1	7.32	2
3	1	7.33	2
3	1	7.34	2
3	1	7.35	2
3	1	7.36	2
3	1	7.37	2
3	1	7.38	2
3	1	7.39	2
3	1	7.4	2
3	1	7.41	2
3	1	7.42	2
3	1	7.43	2
3	1	7.44	2
3	1	7.45	2
3	1	7.46	2
3	1	7.47	2
3	1	7.48	2
3	1	7.49	2
3	1	7.5	2
3	1	7.51	2
3	1	7.52	2
3	1	7.53	2
3	1	7.54	2
3	1	7.55	2
3	1	7.56	2
3	1	7.57	2
3	1	7.58	2
3	1	7.59	2
3	1	7.6	2
3	1	7.61	2
3	1	7.62	2
3	1	7.63	2
3	1	7.64	2
3	1	7.65	2
3	1	7.66	2
3	1	7.67	2
3	1	7.68	2
3	1	7.69	2
3	1	7.7	2
3	1	7.71	2
3	1	7.72	2
3	1	7.73	2
3	1	7.74	2
3	1	7.75	2
3	1	7.76	2
3	1	7.77	2
3	1	7.78	2
3	1	7.79	2
3	1	7.8	2
3	1	7.81	2
3	1	7.82	2
3	1	7.83	2
3	1	7.84	2
3	1	7.85	2
3	1	7.86	2
3	1	7.87	2
3	1	7.88	2
3	1	7.89	2
3	1	7.9	2
3	1	7.91	2
3	1	7.92	2
3	1	7.93	2
3	1	7.94	2
3	1	7.95	2
3	1	7.96	2
3	1	7.97	2
3	1	7.98	2
3	1	7.99	2
3	1	8	2
3	1	8.01	2
3	1	8.02	2
3	1	8.03	2
3	1	8.04	2
3	1	8.05	2
3	1	8.06	2
3	1	8.07	2
3	1	8.08	2
3	1	8.09	2
3	1	8.1	2
3	1	8.11	2
3	1	8.12	2
3	1	8.13	2
3	1	8.14	2
3	1	8.15	2
3	1	8.16	2
3	1	8.17	2
3	1	8.18	2
3	1	8.19	2
3	1	8.2	2
3	1	8.21	2
3	1	8.22	2
3	1	8.23	2
3	1	8.24	2
3	1	8.25	2
3	1	8.26	2
3	1	8.27	2
3	1	8.28	2
3	1	8.29	2
3	1	8.3	2
3	1	8.31	2
3	1	8.32	2
3	1	8.33	2
3	1	8.34	2
3	1	8.35	2
3	1	8.36	2
3	1	8.37	2
3	1	8.38	2
3	1	8.39	2
3	1	8.4	2
3	1	8.41	2
3	1	8.42	2
3	1	8.43	2
3	1	8.44	2
3	1	8.45	2
3	1	8.46	2
3	1	8.47	2
3	1	8.48	2
3	1	8.49	2
3	1	8.5	2
3	1	8.51	2
3	1	8.52	2
3	1	8.53	2
3	1	8.54	2
3	1	8.55	2
3	1	8.56	2
3	1	8.57	2
3	1	8.58	2
3	1	8.59	2
3	1	8.6	2
3	1	8.61	2
3	1	8.62	2
3	1	8.63	2
3	1	8.64	2
3	1	8.65	2
3	1	8.66	2
3	1	8.67	2
3	1	8.68	2
3	1	8.69	2
3	1	8.7	2
3	1	8.71	2
3	1	8.72	2
3	1	8.73	2
3	1	8.74	2
3	1	8.75	2
3	1	8.76	2
3	1	8.77	2
3	1	8.78	2
3	1	8.79	2
3	1	8.8	2
3	1	8.81	2
3	1	8.82	2
3	1	8.83	2
3	1	8.84	2
3	1	8.85	2
3	1	8.86	2
3	1	8.87	2
3	1	8.88	2
3	1	8.89	2
3	1	8.9	2
3	1	8.91	2
3	1	8.92	2
3	1	8.93	2
3	1	8.94	2
3	1	8.95	2
3	1	8.96	2
3	1	8.97	2
3	1	8.98	2
3	1	8.99	2
3	1	9	2
3	1	9.01	2
3	1	9.02	2
3	1	9.03	2
3	1	9.04	2
3	1	9.05	2
3	1	9.06	2
3	1	9.07	2
3	1	9.08	2
3	1	9.09	2
3	1	9.1	2
3	1	9.11	2
3	1	9.12	2
3	1	9.13	2
3	1	9.14	2
3	1	9.15	2
3	1	9.16	2
3	1	9.17	2
3	1	9.18	2
3	1	9.19	2
3	1	9.2	2
3	1	9.21	2
3	1	9.22	2
3	1	9.23	2
3	1	9.24	2
3	1	9.25	2
3	1	9.26	2
3	1	9.27	2
3	1	9.28	2
3	1	9.29	2
3	1	9.3	2
3	1	9.31	2
3	1	9.32	2
3	1	9.33	2
3	1	9.34	2
3	1	9.35	2
3	1	9.36	2
3	1	9.37	2
3	1	9.38	2
3	1	9.39	2
3	1	9.4	2
3	1	9.41	2
3	1	9.42	2
3	1	9.43	2
3	1	9.44	2
3	1	9.45	2
3	1	9.46	2
3	1	9.47	2
3	1	9.48	2
3	1	9.49	2
3	1	9.5	2
3	1	9.51	2
3	1	9.52	2
3	1	9.53	2
3	1	9.54	2
3	1	9.55	2
3	1	9.56	2
3	1	9.57	2
3	1	9.58	2
3	1	9.59	2
3	1	9.6	2
3	1	9.61	2
3	1	9.62	2
3	1	9.63	2
3	1	9.64	2
3	1	9.65	2
3	1	9.66	2
3	1	9.67	2
3	1	9.68	2
3	1	9.69	2
3	1	9.7	2
3	1	9.71	2
3	1	9.72	2
3	1	9.73	2
3	1	9.74	2
3	1	9.75	2
3	1	9.76	2
3	1	9.77	2
3	1	9.78	2
3	1	9.79	2
3	1	9.8	2
3	1	9.81	2
3	1	9.82	2
3	1	9.83	2
3	1	9.84	2
3	1	9.85	2
3	1	9.86	2
3	1	9.87	2
3	1	9.88	2
3	1	9.89	2
3	1	9.9	2
3	1	9.91	2
3	1	9.92	2
3	1	9.93	2
3	1	9.94	2
3	1	9.95	2
3	1	9.96	2
3	1	9.97	2
3	1	9.98	2
3	1	9.99	2
3	1	10	2
3	1	10.01	2
3	1	10.02	2
3	1	10.03	2
3	1	10.04	2
3	1	10.05	2
3	1	10.06	2
3	1	10.07	2
3	1	10.08	2
3	1	10.09	2
3	1	10.1	2
3	1	10.11	2
3	1	10.12	2
3	1	10.13	2
3	1	10.14	2
3	1	10.15	2
3	1	10.16	2
3	1	10.17	2
3	1	10.18	2
3	1	10.19	2
3	1	10.2	2
3	1	10.21	2
3	1	10.22	2
3	1	10.23	2
3	1	10.24	2
3	1	10.25	2
3	1	10.26	2
3	1	10.27	2
3	1	10.28	2
3	1	10.29	2
3	1	10.3	2
3	1	10.31	2
3	1	10.32	2
3	1	10.33	2
3	1	10.34	2
3	1	10.35	2
3	1	10.36	2
3	1	10.37	2
3	1	10.38	2
3	1	10.39	2
3	1	10.4	2
3	1	10.41	2
3	1	10.42	2
3	1	10.43	2
3	1	10.44	2
3	1	10.45	2
3	1	10.46	2
3	1	10.47	2
3	1	10.48	2
3	1	10.49	2
3	1	10.5	2
3	1	10.51	2
3	1	10.52	2
3	1	10.53	2
3	1	10.54	2
3	1	10.55	2
3	1	10.56	2
3	1	10.57	2
3	1	10.58	2
3	1	10.59	2
3	1	10.6	2
3	1	10.61	2
3	1	10.62	2
3	1	10.63	2
3	1	10.64	2
3	1	10.65	2
3	1	10.66	2
3	1	10.67	2
3	1	10.68	2
3	1	10.69	2
3	1	10.7	2
3	1	10.71	2
3	1	10.72	2
3	1	10.73	2
3	1	10.74	2
3	1	10.75	2
3	1	10.76	2
3	1	10.77	2
3	1	10.78	2
3	1	10.79	2
3	1	10.8	2
3	1	10.81	2
3	1	10.82	2
3	1	10.83	2
3	1	10.84	2
3	1	10.85	2
3	1	10.86	2
3	1	10.87	2
3	1	10.88	2
3	1	10.89	2
3	1	10.9	2
3	1	10.91	2
3	1	10.92	2
3	1	10.93	2
3	1	10.94	2
3	1	10.95	2
3	1	10.96	2
3	1	10.97	2
3	1	10.98	2
3	1	10.99	2
3	1	11	2
3	1	11.01	2
3	1	11.02	2
3	1	11.03	2
3	1	11.04	2
3	1	11.05	2
3	1	11.06	2
3	1	11.07	2
3	1	11.08	2
3	1	11.09	2
3	1	11.1	2
3	1	11.11	2
3	1	11.12	2
3	1	11.13	2
3	1	11.14	2
3	1	11.15	2
3	1	11.16	2
3	1	11.17	2
3	1	11.18	2
3	1	11.19	2
3	1	11.2	2
3	1	11.21	2
3	1	11.22	2
3	1	11.23	2
3	1	11.24	2
3	1	11.25	2
3	1	11.26	2
3	1	11.27	2
3	1	11.28	2
3	1	11.29	2
3	1	11.3	2
3	1	11.31	2
3	1	11.32	2
3	1	11.33	2
3	1	11.34	2
3	1	11.35	2
3	1	11.36	2
3	1	11.37	2
3	1	11.38	2
3	1	11.39	2
3	1	11.4	2
3	1	11.41	2
3	1	11.42	2
3	1	11.43	2
3	1	11.44	2
3	1	11.45	2
3	1	11.46	2
3	1	11.47	2
3	1	11.48	2
3	1	11.49	2
3	1	11.5	2
3	1	11.51	2
3	1	11.52	2
3	1	11.53	2
3	1	11.54	2
3	1	11.55	2
3	1	11.56	2
3	1	11.57	2
3	1	11.58	2
3	1	11.59	2
3	1	11.6	2
3	1	11.61	2
3	1	11.62	2
3	1	11.63	2
3	1	11.64	2
3	1	11.65	2
3	1	11.66	2
3	1	11.67	2
3	1	11.68	2
3	1	11.69	2
3	1	11.7	2
3	1	11.71	2
3	1	11.72	2
3	1	11.73	2
3	1	11.74	2
3	1	11.75	2
3	1	11.76	2
3	1	11.77	2
3	1	11.78	2
3	1	11.79	2
3	1	11.8	2
3	1	11.81	2
3	1	11.82	2
3	1	11.83	2
3	1	11.84	2
3	1	11.85	2
3	1	11.86	2
3	1	11.87	2
3	1	11.88	2
3	1	11.89	2
3	1	11.9	2
3	1	11.91	2
3	1	11.92	2
3	1	11.93	2
3	1	11.94	2
3	1	11.95	2
3	1	11.96	2
3	1	11.97	2
3	1	11.98	2
3	1	11.99	2
3	1	11.99	2
4	3	12	3
4	3	12.1	3
4	3	12.2	3
4	3	12.3	3
4	3	12.4	3
4	3	12.5	3
4	3	12.6	3
4	3	12.7	3
4	3	12.8	3
4	3	12.9	3
4	3	13	3
4	3	13.1	3
4	3	13.2	3
4	3	13.3	3
4	3	13.4	3
4	3	13.5	3
4	3	13.6	3
4	3	13.7	3
4	3	13.8	3
4	3	13.9	3
4	3	14	3
4	3	14.1	3
4	3	14.2	3
4	3	14.3	3
4	3	14.4	3
4	3	14.5	3
4	3	14.6	3
4	3	14.7	3
4	3	14.8	3
4	3	14.9	3
4	3	15	3
4	3	15.1	3
4	3	15.2	3
4	3	15.3	3
4	3	15.4	3
4	3	15.5	3
4	3	15.6	3
4	3	15.7	3
4	3	15.8	3
4	3	15.9	3
4	3	16	3
4	3	16.1	3
4	3	16.2	3
4	3	16.3	3
4	3	16.4	3
4	3	16.5	3
4	3	16.6	3
4	3	16.7	3
4	3	16.8	3
4	3	16.9	3
4	3	17	3
4	3	17.1	3
4	3	17.2	3
4	3	17.3	3
4	3	17.4	3
4	3	17.5	3
4	3	17.6	3
4	3	17.7	3
4	3	17.8	3
4	3	17.9	3
4	3	18	3
4	3	18.1	3
4	3	18.2	3
4	3	18.3	3
4	3	18.4	3
4	3	18.5	3
4	3	18.6	3
4	3	18.7	3
4	3	18.8	3
4	3	18.9	3
4	3	19	3
4	3	19.1	3
4	3	19.2	3
4	3	19.3	3
4	3	19.4	3
4	3	19.5	3
4	3	19.6	3
4	3	19.7	3
4	3	19.8	3
4	3	19.9	3
4	3	20	3
4	3	20.1	3
4	3	20.2	3
4	3	20.3	3
4	3	20.4	3
4	3	20.5	3
4	3	20.6	3
4	3	20.7	3
4	3	20.8	3
4	3	20.9	3
4	3	21	3
4	3	21.1	3
4	3	21.2	3
4	3	21.3	3
4	3	21.4	3
4	3	21.5	3
4	3	21.6	3
4	3	21.7	3
4	3	21.8	3
4	3	21.9	3
4	3	22	3
4	3	22.1	3
4	3	22.2	3
4	3	22.3	3
4	3	22.4	3
4	3	22.5	3
4	3	22.6	3
4	3	22.7	3
4	3	22.8	3
4	3	22.9	3
4	3	23	3
4	3	23.1	3
4	3	23.2	3
4	3	23.3	3
4	3	23.4	3
4	3	23.5	3
4	3	23.6	3
4	3	23.7	3
4	3	23.8	3
4	3	23.9	3
4	3	24	3
4	3	24.1	3
4	3	24.2	3
4	3	24.3	3
4	3	24.4	3
4	3	24.5	3
4	3	24.6	3
4	3	24.7	3
4	3	24.8	3
4	3	24.9	3
4	3	25	3
4	3	25.1	3
4	3	25.2	3
4	3	25.3	3
4	3	25.4	3
4	3	25.5	3
4	3	25.6	3
4	3	25.7	3
4	3	25.8	3
4	3	25.9	3
4	3	26	3
4	3	26.1	3
4	3	26.2	3
4	3	26.3	3
4	3	26.4	3
4	3	26.5	3
4	3	26.6	3
4	3	26.7	3
4	3	26.8	3
4	3	26.9	3
4	3	27	3
4	3	27.1	3
4	3	27.2	3
4	3	27.3	3
4	3	27.4	3
4	3	27.5	3
4	3	27.6	3
4	3	27.7	3
4	3	27.8	3
4	3	15	3
4	3	15.1	3
4	3	15.2	3
4	3	15.3	3
4	3	15.4	3
4	3	15.5	3
4	3	15.6	3
4	3	15.7	3
4	3	15.8	3
4	3	15.9	3
4	3	16	3
4	3	16.1	3
4	3	16.2	3
4	3	16.3	3
4	3	16.4	3
4	3	16.5	3
4	3	16.6	3
4	3	16.7	3
4	3	16.8	3
4	3	16.9	3
4	3	17	3
4	3	17.1	3
4	3	17.2	3
4	3	17.3	3
4	3	17.4	3
4	3	17.5	3
4	3	17.6	3
4	3	17.7	3
4	3	17.8	3
4	3	17.9	3
4	3	18	3
4	3	18.1	3
4	3	18.2	3
4	3	18.3	3
4	3	18.4	3
4	3	18.5	3
4	3	18.6	3
4	3	18.7	3
4	3	18.8	3
4	3	18.9	3
4	3	19	3
4	3	19.1	3
4	3	19.2	3
4	3	19.3	3
4	3	19.4	3
4	3	19.5	3
4	3	19.6	3
4	3	19.7	3
4	3	19.8	3
4	3	19.9	3
4	3	20	3
4	3	20.1	3
4	3	20.2	3
4	3	20.3	3
4	3	20.4	3
4	3	20.5	3
4	3	20.6	3
4	3	20.7	3
4	3	20.8	3
4	3	20.9	3
4	3	21	3
4	3	21.1	3
4	3	21.2	3
4	3	21.3	3
4	3	21.4	3
4	3	21.5	3
4	3	21.6	3
4	3	21.7	3
4	3	21.8	3
4	3	21.9	3
4	3	22	3
4	3	22.1	3
4	3	22.2	3
4	3	22.3	3
4	3	22.4	3
4	3	22.5	3
4	3	22.6	3
4	3	22.7	3
4	3	22.8	3
4	3	22.9	3
4	3	23	3
4	3	23.1	3
4	3	23.2	3
4	3	23.3	3
4	3	23.4	3
4	3	23.5	3
4	3	23.6	3
4	3	23.7	3
4	3	23.8	3
4	3	23.9	3
4	3	24	3
4	3	24.1	3
4	3	24.2	3
4	3	24.3	3
4	3	24.4	3
4	3	24.5	3
4	3	24.6	3
4	3	24.7	3
4	3	24.8	3
4	3	24.9	3
4	3	25	3
4	3	25.1	3
4	3	25.2	3
4	3	25.3	3
4	3	25.4	3
4	3	25.5	3
4	3	25.6	3
4	3	25.7	3
4	3	25.8	3
4	3	25.9	3
4	3	26	3
4	3	26.1	3
4	3	26.2	3
4	3	26.3	3
4	3	26.4	3
4	3	26.5	3
4	3	26.6	3
4	3	26.7	3
4	3	26.8	3
4	3	26.9	3
4	3	27	3
4	3	27.1	3
4	3	27.2	3
4	3	27.3	3
4	3	27.4	3
4	3	27.5	3
4	3	27.6	3
4	3	27.7	3
4	3	27.8	3
4	3	27.9	3
4	3	28	3
4	3	28.1	3
4	3	12.01	3
4	3	12.02	3
4	3	12.03	3
4	3	12.04	3
4	3	12.05	3
4	3	12.06	3
4	3	12.07	3
4	3	12.08	3
4	3	12.09	3
4	3	12.1	3
4	3	12.11	3
4	3	12.12	3
4	3	12.13	3
4	3	12.14	3
4	3	12.15	3
4	3	12.16	3
4	3	12.17	3
4	3	12.18	3
4	3	12.19	3
4	3	12.2	3
4	3	12.21	3
4	3	12.22	3
4	3	12.23	3
4	3	12.24	3
4	3	12.25	3
4	3	12.26	3
4	3	12.27	3
4	3	12.28	3
4	3	12.29	3
4	3	12.3	3
4	3	12.31	3
4	3	12.32	3
4	3	12.33	3
4	3	12.34	3
4	3	12.35	3
4	3	12.36	3
4	3	12.37	3
4	3	12.38	3
4	3	12.39	3
4	3	12.4	3
4	3	12.41	3
4	3	12.42	3
4	3	12.43	3
4	3	12.44	3
4	3	12.45	3
4	3	12.46	3
4	3	12.47	3
4	3	12.48	3
4	3	12.49	3
4	3	12.5	3
4	3	12.51	3
4	3	12.52	3
4	3	12.53	3
4	3	12.54	3
4	3	12.55	3
4	3	12.56	3
4	3	12.57	3
4	3	12.58	3
4	3	12.59	3
4	3	12.6	3
4	3	12.61	3
4	3	12.62	3
4	3	12.63	3
4	3	12.64	3
4	3	12.65	3
4	3	12.66	3
4	3	12.67	3
4	3	12.68	3
4	3	12.69	3
4	3	12.7	3
4	3	12.71	3
4	3	12.72	3
4	3	12.73	3
4	3	12.74	3
4	3	12.75	3
4	3	12.76	3
4	3	12.77	3
4	3	12.78	3
4	3	12.79	3
4	3	12.8	3
4	3	12.81	3
4	3	12.82	3
4	3	12.83	3
4	3	12.84	3
4	3	12.85	3
4	3	12.86	3
4	3	12.87	3
4	3	12.88	3
4	3	12.89	3
4	3	12.9	3
4	3	12.91	3
4	3	12.92	3
4	3	12.93	3
4	3	12.94	3
4	3	12.95	3
4	3	12.96	3
4	3	12.97	3
4	3	12.98	3
4	3	12.99	3
4	3	13	3
4	3	13.01	3
4	3	13.02	3
4	3	13.03	3
4	3	13.04	3
4	3	13.05	3
4	3	13.06	3
4	3	13.07	3
4	3	13.08	3
4	3	13.09	3
4	3	13.1	3
4	3	13.11	3
4	3	13.12	3
4	3	13.13	3
4	3	13.14	3
4	3	13.15	3
4	3	13.16	3
4	3	13.17	3
4	3	13.18	3
4	3	13.19	3
4	3	13.2	3
4	3	13.21	3
4	3	13.22	3
4	3	13.23	3
4	3	13.24	3
4	3	13.25	3
4	3	13.26	3
4	3	13.27	3
4	3	13.28	3
4	3	13.29	3
4	3	13.3	3
4	3	13.31	3
4	3	13.32	3
4	3	13.33	3
4	3	13.34	3
4	3	13.35	3
4	3	13.36	3
4	3	13.37	3
4	3	13.38	3
4	3	13.39	3
4	3	13.4	3
4	3	13.41	3
4	3	13.42	3
4	3	13.43	3
4	3	13.44	3
4	3	13.45	3
4	3	13.46	3
4	3	13.47	3
4	3	13.48	3
4	3	13.49	3
4	3	13.5	3
4	3	13.51	3
4	3	13.52	3
4	3	13.53	3
4	3	13.54	3
4	3	13.55	3
4	3	13.56	3
4	3	13.57	3
4	3	13.58	3
4	3	13.59	3
4	3	13.6	3
4	3	13.61	3
4	3	13.62	3
4	3	13.63	3
4	3	13.64	3
4	3	13.65	3
4	3	13.66	3
4	3	13.67	3
4	3	13.68	3
4	3	13.69	3
4	3	13.7	3
4	3	13.71	3
4	3	13.72	3
4	3	13.73	3
4	3	13.74	3
4	3	13.75	3
4	3	13.76	3
4	3	13.77	3
4	3	13.78	3
4	3	13.79	3
4	3	13.8	3
4	3	13.81	3
4	3	13.82	3
4	3	13.83	3
4	3	13.84	3
4	3	13.85	3
4	3	13.86	3
4	3	13.87	3
4	3	13.88	3
4	3	13.89	3
4	3	13.9	3
4	3	13.91	3
4	3	13.92	3
4	3	13.93	3
4	3	13.94	3
4	3	13.95	3
4	3	13.96	3
4	3	13.97	3
4	3	13.98	3
4	3	13.99	3
4	3	14	3
4	3	14.01	3
4	3	14.02	3
4	3	14.03	3
4	3	14.04	3
4	3	14.05	3
4	3	14.06	3
4	3	14.07	3
4	3	14.08	3
4	3	14.08	3
